Timestamp,Pose_X,Pose_Y,Pose_Z,Pose_Rx,Pose_Ry,Pose_Rz,Force_X,Force_Y,Force_Z,Torque_X,Torque_Y,Torque_Z
0.002035379409790039,-0.5919404188359464,0.5425283450805592,-0.011669359234575877,-1.675383641388427,-2.5545611797787298,0.1736394737743532,2.3299480987927508,-1.6940270525034218,0.45525145521582033,-0.33125407497958687,-0.2057607811531246,-0.18019597851557498
0.004071474075317383,-0.5919454641678051,0.5425325898969074,-0.011645311623286358,-1.675398647263403,-2.554540635000536,0.17362806793543492,2.1293074389279965,-1.494536132539281,0.4920500284929038,-0.3374955388988473,-0.21097416897342136,-0.1787279189167275
0.006103515625,-0.5919550561858052,0.5425083344438255,-0.011648679070814932,-1.6753935040618857,-2.554541845418059,0.17367265675504256,2.3413921406930935,-1.6218579990478659,0.499091742966817,-0.3360503059656606,-0.20132564227968688,-0.1816934895994017
0.008142232894897461,-0.5919544573084885,0.5425125570884926,-0.011661250838521015,-1.6753301172789605,-2.554576389265707,0.17366729647605528,2.383949757068742,-1.8122108984404273,0.6444118144811302,-0.3335308786264135,-0.19760736594468467,-0.17662453910052206
0.010170936584472656,-0.5919518703493962,0.5425231626030871,-0.011654978890219048,-1.6753760086720053,-2.5545392355682712,0.1736517538477469,2.222010204183972,-1.8840605051941286,0.572554056473632,-0.33524308117438073,-0.2073476203926435,-0.16998893647575125
0.012192726135253906,-0.5919418797814534,0.5425373403807772,-0.011645192290479611,-1.675346524918935,-2.554545529716336,0.17359051464439695,2.080028863573693,-1.6632372161912004,0.585725020580266,-0.3445128023268207,-0.20952407103221427,-0.1722308164269604
0.01421499252319336,-0.5919309751835709,0.5425555217335898,-0.011633767843157866,-1.6754235974947767,-2.554497654981154,0.17362404720751043,2.142376330642162,-1.6079704989545838,0.5390718314238216,-0.3467782799306358,-0.2051322306334323,-0.1697160310246827
0.0162355899810791,-0.5919618446406169,0.5425189020707362,-0.011640126454142113,-1.6753327717403308,-2.554534253904274,0.17366038876233184,2.3978633996978256,-1.8316285115231237,0.7405331720172164,-0.3404942560659131,-0.20194728976773943,-0.17388312899850264
0.01825571060180664,-0.5919472351192587,0.5425264120486641,-0.011644480770704402,-1.6753587890986883,-2.5545485892574935,0.17364968834642006,2.1786877537185,-1.717667736156512,0.4036692200316111,-0.34478404303017257,-0.20514124314784493,-0.17951655734127486
0.020282268524169922,-0.5919665112122717,0.5425168971436826,-0.011629667281995909,-1.6753369050643783,-2.5545197514181126,0.1736670855796071,2.400074875587679,-1.6994922449393386,0.3900278006270143,-0.3433264982901389,-0.2026944297316083,-0.18437028792785196
0.022392749786376953,-0.5919401648749743,0.5425325483796347,-0.011656861291915344,-1.6753831477303625,-2.554539505167018,0.1736535030277762,2.293738846724289,-1.4756494276107843,0.45766251865896856,-0.3477416999047756,-0.20080932672475313,-0.18152927888291356
0.024494171142578125,-0.5919657914741052,0.5425121417217779,-0.011641105285407682,-1.6753682024569547,-2.5545015123925054,0.17370228855116596,2.2750119009011103,-1.6378346741291436,0.5176941405870277,-0.3386046580361555,-0.2026217057011788,-0.17443936539567487
0.02657294273376465,-0.5919428194365165,0.5425271783016107,-0.01166361493319601,-1.6754116968460278,-2.5545275511617445,0.17363199286766617,2.027604697237887,-1.4891250694117233,0.4513066966571054,-0.34045560212273107,-0.21155493454746438,-0.17255238961186614
0.028610706329345703,-0.5919403536045956,0.5425185269390275,-0.011642855075369968,-1.6754038514066476,-2.5545461745107203,0.1736590797828476,2.317235107436914,-1.7885532877910002,0.5034238401613766,-0.33307005429025993,-0.20660489500137239,-0.17690015260816042
0.030635833740234375,-0.5919568268210103,0.5425174932202783,-0.011643981149191074,-1.6753473754076595,-2.5545519751142933,0.17365458425562583,2.1854738573793795,-1.6870531587589939,0.4710181473577878,-0.33079870104533354,-0.20875666561622816,-0.171167512753583
0.03266143798828125,-0.5919452218640627,0.5425177088303095,-0.01167016855198924,-1.6754265636557677,-2.5545566893829603,0.1736421474450508,2.0903270677123897,-1.3588873464187874,0.4602820411835843,-0.3385465528771438,-0.21544564306123826,-0.17365878123710468
0.034684181213378906,-0.5919451522641234,0.5425064162411548,-0.011669009283777954,-1.6753439919757347,-2.5546101453471683,0.17366518651106372,2.2709516247540176,-1.2955289354194184,0.44908706449611563,-0.338363235888251,-0.21067268022713362,-0.18037177581806518
0.03673386573791504,-0.5919496363024288,0.5425207755321684,-0.01164686801461201,-1.6753691004876843,-2.554561636820944,0.1736347278422296,2.453507339579681,-1.0393005462671425,0.3226049917067066,-0.341740515386363,-0.20388375452001953,-0.1832398788707207
0.038878679275512695,-0.5919752895406539,0.5425256050851065,-0.01161653382330996,-1.6753683074006789,-2.5544643414339983,0.17368157454443173,2.0238026459550635,-1.5484424235354588,0.4821975396144975,-0.32721539093182767,-0.209294438939291,-0.17973776613912046
0.04093790054321289,-0.5919462315765557,0.5425210851429122,-0.011650338071763494,-1.6753418625213448,-2.5545629272636665,0.17366577129455638,2.337731561832824,-1.6550459383503016,0.4407031830878061,-0.32736278413943976,-0.20251571837405846,-0.17671687627093402
0.04300999641418457,-0.5919476617159362,0.542525238805219,-0.011647455024973774,-1.6753655003501202,-2.5545375598266054,0.1736527984432656,2.34233637800967,-1.5015646086341585,0.5114968289037941,-0.3287194973928061,-0.2050813207346897,-0.17598983111104166
0.045052528381347656,-0.5919609093620305,0.5425266727594787,-0.011636011159177534,-1.6753491268246268,-2.554526421796989,0.17362820369253865,2.1409115917436363,-1.325186206983429,0.45922784208514567,-0.33460291389754027,-0.21057862856396717,-0.17787211819235776
0.04707980155944824,-0.5919567617320244,0.5425262021491144,-0.0116469004677901,-1.6753423310634148,-2.5545374407075787,0.1737051924421836,2.216844387119043,-1.4390072745790885,0.530514704562216,-0.3287080601082756,-0.2086775428678706,-0.17732941009958128
0.04910159111022949,-0.5919434636370206,0.5425227854360644,-0.011651778700437182,-1.6753791349886133,-2.5545451313878798,0.17364924174718185,2.329044285290985,-1.3000631809171361,0.43684957356972964,-0.33005246782410286,-0.19867075213315444,-0.18022308991669564
0.05112481117248535,-0.5919490373436704,0.5425207096984888,-0.011657846276797001,-1.67534090505669,-2.5545826692146805,0.17361558719175801,2.148426859868761,-1.2994584747039504,0.5184217133814688,-0.33013067563804527,-0.19985824704076915,-0.17881855267476
0.05315661430358887,-0.5919350273458341,0.542520775044077,-0.011669424061629408,-1.6753859757644205,-2.5545717768931873,0.17364621235723,2.1804979387874543,-1.648091148425497,0.5293285700562053,-0.3253095178844009,-0.20311617861452663,-0.17651929058170274
0.05520367622375488,-0.591947232506612,0.5425226917894121,-0.011656194827244948,-1.6753386233927827,-2.5545799032597944,0.1736129933452584,2.224914134901493,-1.7462751775247956,0.48721897565181793,-0.32221981079814765,-0.20163342710339438,-0.17390744411080677
0.05725884437561035,-0.5919261532490999,0.542529706014131,-0.011665203109820554,-1.6754481522804088,-2.554546616698405,0.17365512211371445,2.320846348781351,-1.3906151792127082,0.5126507285741013,-0.32950801601141716,-0.20391304544817154,-0.17800775493699408
0.059320688247680664,-0.5919133481866159,0.5425464245234773,-0.011653735572777157,-1.6754251578552506,-2.5545548101641806,0.1735970532634323,1.9598014951810052,-1.4218198577811614,0.36642204295581604,-0.3317595601531168,-0.20942080398384716,-0.17972543431415908
0.06137418746948242,-0.5919493834342898,0.5425273224224145,-0.011627880783935896,-1.675344464070096,-2.554541936554872,0.17358843412924618,2.350609785676995,-1.2895721023014768,0.3341939064188188,-0.3370535800616638,-0.19673467164633085,-0.18023751137156874
0.06341433525085449,-0.5919468377638887,0.5425080207359754,-0.011642723164904861,-1.6753649350619952,-2.5545648198915605,0.17366814028198957,2.3501941953510386,-1.257602859710411,0.4167916064439062,-0.3361236433027969,-0.20130838780005195,-0.17774745993428634
0.06544876098632812,-0.5919329149762489,0.54252484873283,-0.011653086858468997,-1.6753997628339783,-2.554571523268267,0.17362508226846624,2.2350366571525666,-1.7875232857224101,0.48317792818568744,-0.32488781972264535,-0.2056731753895567,-0.1777556372633914
0.06752395629882812,-0.59195154889826,0.5425244223363935,-0.011654357448090458,-1.675368230715176,-2.5545320067452537,0.17369120445181202,2.2515558317760638,-1.809734706680234,0.3301455714074,-0.3300467595121429,-0.20813500274482452,-0.1767073119950622
0.06955337524414062,-0.5919255848418299,0.5425431093893252,-0.011656169156915891,-1.675413127927779,-2.55453983862871,0.1736252742929459,2.383560320727074,-1.662191220877707,0.41120754901561907,-0.33032094173771953,-0.20576558109221935,-0.1757715760788019
0.07158732414245605,-0.5919272963966569,0.5425448095766182,-0.011662503992354856,-1.6754374208261693,-2.55451409633923,0.173659059372171,2.3940613741936114,-1.4759954613491322,0.4468157277100385,-0.33703074995286275,-0.20624013041216308,-0.17574826831784104
0.07362556457519531,-0.591938812019985,0.5425199263852106,-0.011663425273897354,-1.675393373423069,-2.5545712665602403,0.17365528642635997,2.253987727519499,-1.3813160642651827,0.10545475411033103,-0.3356506364813874,-0.20747725028095176,-0.17923774795521386
0.0756833553314209,-0.5919561768996808,0.5425166045853371,-0.011641902269092258,-1.6753648029538086,-2.5545446416225657,0.17365719480438346,2.284268182307271,-1.7367207894291592,0.29518187505537286,-0.3272213383746498,-0.20992200570376238,-0.1728903166280865
0.07771873474121094,-0.5919442797518474,0.542522205435656,-0.011649991393824555,-1.675350506271985,-2.5545568281692033,0.17365117128339821,2.1295338475343493,-1.2592415428481027,0.23082765223933807,-0.33669696061226895,-0.21086178316166623,-0.1771967089201531
0.0797574520111084,-0.5919512255528413,0.5425236283032921,-0.011641368673173363,-1.6753764731872367,-2.5545301471363255,0.17366111853389923,2.462387325766254,-1.5485878245593239,0.3164551490377252,-0.33182457306400864,-0.19997036157337722,-0.1777899758796888
0.08178567886352539,-0.5919630639977336,0.5425278776739185,-0.011639024279022137,-1.6753714250517275,-2.5544904637126344,0.1736236926268634,2.3171094631954148,-1.8196009683875738,0.3963289743992523,-0.32409055723786984,-0.20524462399880883,-0.180988142725985
0.08380985260009766,-0.5919576989101483,0.5425064236378415,-0.011648984661573908,-1.6753876242614323,-2.554532747839495,0.17370576005089577,2.3641223410282417,-1.6524666973430964,0.40717548994929276,-0.3276722040554434,-0.20220658676049147,-0.17464839045004918
0.08584070205688477,-0.5919425915867736,0.5425123747551829,-0.011655283928027643,-1.6753742330615369,-2.5545858059233413,0.17364437185545148,2.29636263326919,-1.8616687007872774,0.2679936274803876,-0.3241748978524313,-0.20501227160304042,-0.17539657648057838
0.08786678314208984,-0.5919417162851606,0.5425240405828033,-0.01165555894850745,-1.675396960066696,-2.554556405212581,0.17364840052928335,2.424315668804252,-1.8231633306290027,0.22883349086103186,-0.3200981186886106,-0.199763320365447,-0.17977572772434217
0.08989596366882324,-0.5919585999571659,0.5425102512098181,-0.011649624550675641,-1.6753558612239259,-2.5545511734337634,0.17365794677217872,2.374227402756767,-1.5049246006210275,0.40693901698653756,-0.3321679811623171,-0.2016139287962353,-0.17908019763425326
0.09192132949829102,-0.5919655372276433,0.5425185845362062,-0.011631623872300295,-1.6753358851485776,-2.554538173804936,0.17364855868653906,2.33145458913377,-1.227946567741696,0.41343763486256746,-0.33774259944139007,-0.2002089578024377,-0.17857380807138565
0.09394478797912598,-0.5919461318913335,0.5425294039099835,-0.01164051946587677,-1.675371509531079,-2.554536725666111,0.17364779790570728,2.1409140038157575,-1.3026943416124424,0.3926993171961116,-0.32999754959934285,-0.20481933641172623,-0.17627515799678484
0.09598422050476074,-0.5919509405787222,0.5425234358034056,-0.011642878951759528,-1.6753965651844982,-2.5545289723299405,0.17360730858731235,2.0890242319392525,-1.5837892428963594,0.3723905143297952,-0.32398777316449934,-0.2041493422963092,-0.17401424713914332
0.09803366661071777,-0.5919415639925854,0.5425200456255949,-0.011671915704409785,-1.6753987175362781,-2.5545585469307834,0.17366431503358193,2.5194216018680944,-1.9198857428643439,0.2766362863383103,-0.3231362304250994,-0.1959986590679585,-0.17503521217387474
0.10007834434509277,-0.5919467816776561,0.5425334864217691,-0.011642656939759438,-1.6753642345636837,-2.5545285827382767,0.17362848392327607,2.0927538362555653,-1.738285340580106,0.39702579649324965,-0.32702631990094144,-0.20995687736179408,-0.17545395278245113
0.10212492942810059,-0.5919530218987831,0.5425362327677066,-0.011644196884947916,-1.675399083255683,-2.554503895126551,0.1736341407969606,2.050175800454356,-1.6136282962029893,0.38341176910023117,-0.33002437191930756,-0.20778626450450335,-0.1763329813447675
0.10423445701599121,-0.5919560665298688,0.5425328772685655,-0.011649831004428401,-1.675332328579956,-2.5545366801729754,0.17359503081082017,2.1799047819220054,-1.257641755815956,0.4424541429685932,-0.3394938472439912,-0.2074009049822623,-0.18093162508786204
0.10639595985412598,-0.591947838502146,0.5425254346500042,-0.011655822274146355,-1.6753876151230103,-2.5545270953356605,0.17365565592980967,2.0830191007600845,-0.9724240443625947,0.4463631554122478,-0.3439849683626939,-0.20448337767532165,-0.1773040037885266
0.10847020149230957,-0.5919531095058492,0.5424905742877079,-0.011650499739062598,-1.6753527937948918,-2.5545948964658174,0.1737020329481575,2.201236526023224,-1.710364303349819,0.40698092619590726,-0.3300502108360832,-0.19932610469370382,-0.1753542819936734
0.1105499267578125,-0.5919579809759482,0.5425083333475215,-0.011647675646511202,-1.6753567218753953,-2.5545526311540083,0.1736799011425558,2.178789067120008,-1.6498516156955365,0.45275270314099403,-0.3352720085633071,-0.2039753932228644,-0.17576015000828132
0.11258292198181152,-0.591946707889668,0.5424998719064124,-0.011649693794196891,-1.6753466019490952,-2.554597028194019,0.17367277933300534,2.1800520762400795,-1.6762329955253197,0.4062069056862543,-0.3334799607577455,-0.20647442047394896,-0.17603191172585433
0.11460542678833008,-0.5919336760101319,0.5425329937525425,-0.011647747792592228,-1.6753984467638725,-2.554551710129356,0.1735869660579396,2.113949592649614,-1.3218745103159346,0.5245042924770109,-0.33832268022589446,-0.2060210680169796,-0.17678419717502222
0.11663103103637695,-0.5919422275735258,0.5425088278768223,-0.01165780587909937,-1.6754529698405172,-2.5545297627913315,0.1737152920756835,2.3022607753394744,-1.198153470143466,0.3873436478353668,-0.3446972457386719,-0.2003627216161407,-0.17719040198339275
0.11865115165710449,-0.5919448344531023,0.5425236342879505,-0.011659552825056457,-1.675379296805136,-2.5545547843737593,0.173675493891356,2.322719474747333,-1.3007616257488632,0.3313186822603455,-0.34226836305260316,-0.19995170075015165,-0.17953325594039868
0.12072110176086426,-0.5919535381001046,0.5425262435649887,-0.011637419572081004,-1.6753746267631469,-2.5545195347415723,0.1736737929699725,2.41153198804784,-1.5097157750349213,0.32825101560295555,-0.33859717452389043,-0.19494438745972117,-0.17200856841751958
0.12286734580993652,-0.5919623747665435,0.5425022386198249,-0.011657174295564288,-1.6753293914946499,-2.554582733845989,0.17373217637663255,1.9934096242850594,-1.8456478420533402,0.45307660457042975,-0.3287943380656149,-0.20553957403972212,-0.1744310920330596
0.12494659423828125,-0.591971586341073,0.5425384665008444,-0.011615038494106111,-1.67530871153426,-2.5544987296731585,0.17359028160930426,2.1964849662321515,-1.5790785958386553,0.30446100747281246,-0.3326145845372944,-0.20551515558251818,-0.17572459585034744
0.12699031829833984,-0.5919518252750432,0.5425355091819437,-0.011633020287596857,-1.6753622365684924,-2.5545330686275696,0.17361575118363143,2.3131347631379127,-1.423022874825143,0.39548974324878033,-0.3362741886241345,-0.20267691770888002,-0.17736396984849406
0.12902593612670898,-0.591954159484211,0.5425253471106966,-0.0116475622399978,-1.675358112595621,-2.5545368058027,0.17368354181011034,2.308958798556655,-1.330925007875705,0.4047725882579285,-0.34011998888088035,-0.20090827177493809,-0.17561362319302273
0.1310880184173584,-0.5919415258860458,0.5425063995319651,-0.011657362254953757,-1.675401811204001,-2.5545894165125436,0.17365707459310492,2.17266392157756,-1.4627893716961085,0.29387121472553823,-0.3346787835303091,-0.2054278069781513,-0.1810686833925516
0.1331167221069336,-0.5919454656614572,0.5425183054903487,-0.01164969392445489,-1.6753748287008066,-2.5545481908610017,0.1736767829109043,2.189212780737977,-1.145408908350443,0.37185408309009893,-0.3393397444419146,-0.19985510220305255,-0.1794411190655512
0.13514399528503418,-0.5919615390264976,0.5425344644879592,-0.011630280937231563,-1.6753278676510277,-2.5545297043642416,0.17359583938694678,2.1079207283328976,-1.4750433862072332,0.43962560518027893,-0.33102098400628127,-0.2033061728601046,-0.1708706542335706
0.13718271255493164,-0.5919567885974423,0.542510375758767,-0.011645862860827194,-1.6753719659167785,-2.5545524308887297,0.17369096479407137,1.994781810786292,-1.6546831904571775,0.43404541076393177,-0.32803133860929085,-0.21245557739745513,-0.17214544213073688
0.13924622535705566,-0.5919484266044635,0.5425594152706223,-0.011616348331178278,-1.67535599513254,-2.554498037566513,0.17359906964912616,2.240866182521463,-1.728492746346945,0.32158205839575316,-0.32668384068941775,-0.2043603872975817,-0.18118006417797572
0.14130091667175293,-0.5919439265172075,0.5425238264547099,-0.011660572498683686,-1.675377513236653,-2.554552313515788,0.17365103514209868,2.2993948669817676,-1.450391486679808,0.2964819054290593,-0.3328134833525373,-0.20460304240157998,-0.17706279287206322
0.14334392547607422,-0.5919596037413896,0.542496158843569,-0.011655706183576559,-1.6753401858429973,-2.554580464957639,0.17368318116105724,2.3087193717376815,-1.1207210627981254,0.36252482018541193,-0.33839380709192013,-0.20324565530278835,-0.17820465538448338
0.14542031288146973,-0.5919555300264697,0.5425079118050049,-0.01165148408255437,-1.6753516297203705,-2.554574724123322,0.17364268077361497,2.0574883693393913,-0.8105525588534935,0.42730449633098466,-0.3398382818725564,-0.20538955431035594,-0.1800997296655959
0.14747262001037598,-0.5919381007968478,0.5425188362043526,-0.011661652231659436,-1.6753903046214198,-2.554548927972139,0.17364202002764753,1.8988703169318346,-1.5239992037601608,0.3890152006226446,-0.32785379413242705,-0.20685140619336087,-0.17965707469976566
0.14950013160705566,-0.591949656173674,0.5425035577497804,-0.011656097295798196,-1.6753659805367735,-2.5545826152176994,0.17369319349570608,2.267861971306429,-1.594059834493092,0.34876358417708603,-0.3269287636292263,-0.20170598480829044,-0.17755938253023082
0.15152525901794434,-0.5919415767622833,0.5425229733658735,-0.011658304432354383,-1.6754163459302545,-2.5545453456638754,0.1736698589985178,1.9839170575526355,-1.631587273626072,0.33756797137702776,-0.3276026175214945,-0.20697055866731784,-0.17409906584547516
0.15355825424194336,-0.5919492432396637,0.5425288642532675,-0.011630554643820235,-1.6753794793379162,-2.5545176476074216,0.17365891806164083,2.0790130112539416,-1.5120737745482358,0.3462023140216217,-0.33021277374120395,-0.20939135240810705,-0.17970202610203728
0.15567684173583984,-0.5919534148101657,0.5425065439094195,-0.011639995724518681,-1.6753333856143957,-2.5545798496110415,0.17370471560415085,1.9928876487165785,-1.3687276315567585,0.3048872879622262,-0.3320208691479201,-0.2107798701245713,-0.1778203669025917
0.15776276588439941,-0.591943891002099,0.5425216974409238,-0.011657940712899079,-1.6753853042532902,-2.554561119676849,0.17366682311895915,2.271848395033955,-1.3602522617853485,0.3657762855860868,-0.33193083050908406,-0.20211416036945068,-0.181902534976413
0.1598191261291504,-0.5919463093179878,0.542516077356433,-0.011649541060238078,-1.6753623722993147,-2.5545716231969653,0.17363770350190416,2.2290510396589527,-1.482523352913561,0.4982983814717059,-0.331654210253007,-0.20065664992762877,-0.180267814585694
0.1618669033050537,-0.5919526608642548,0.5425241283839692,-0.011640926874572716,-1.6753167203281816,-2.5545649436406435,0.17363655421439844,2.1244105336270964,-1.501359150482266,0.3786809327533849,-0.32790288689613306,-0.20153843140122044,-0.17364077938789435
0.16389799118041992,-0.5919656669359875,0.5425467157215913,-0.01161040234516414,-1.6753191423167768,-2.554473010965361,0.1736138725863646,2.1053537553460187,-1.6331331133849005,0.48956710378433144,-0.33082612998765915,-0.20533458166322588,-0.17010361836518909
0.1659228801727295,-0.5919619357364374,0.542512314082499,-0.011645965595362656,-1.6753499770354034,-2.554526255923902,0.1736878407424737,2.108889553821622,-1.531469493040086,0.3818409790059498,-0.3314908133994522,-0.20464315558128843,-0.17499315658720513
0.16795778274536133,-0.5919504023524025,0.5425268841899477,-0.011647324147968374,-1.675385443206566,-2.554507548991382,0.17365216732265973,2.1600670267254976,-1.618213043071547,0.4396458619613164,-0.3304276316879562,-0.20714173490787274,-0.1805041929063237
0.16998624801635742,-0.5919537957722942,0.5425298990125377,-0.01164662467074909,-1.6753421816900433,-2.5545187193972874,0.17364823107324015,2.299693331869945,-1.2511333465181103,0.29760538360157285,-0.3392416487916288,-0.2024646065543192,-0.18005041570177566
0.17208313941955566,-0.5919458471423674,0.5425086766153755,-0.011657209738348245,-1.6754029490291522,-2.5545360762454052,0.17371915216045564,2.148775980481163,-1.4457072206307144,0.34378283477747534,-0.33579229712804737,-0.20392736408424397,-0.17947332805828833
0.1741795539855957,-0.5919445005831683,0.5425018709704259,-0.01167043514237115,-1.6753448650703404,-2.5546219226699587,0.1736857293775619,2.4423905949782965,-1.3929594293168996,0.4078038602361461,-0.335679814034553,-0.1994017152218007,-0.1789813649236892
0.17623472213745117,-0.591957970288465,0.5425158682229521,-0.011643740414368081,-1.6753774103070607,-2.554525993492888,0.17369765106789145,2.193541827872089,-1.5930320509622056,0.42451216755557875,-0.3317198975624799,-0.20657023632587937,-0.17475574457213405
0.17827534675598145,-0.5919405626946418,0.5425232777081452,-0.011649116485181632,-1.675408191508432,-2.55453581158129,0.1736549781454509,2.1787780455266534,-1.5741687948331682,0.27011853269393593,-0.3314464299387376,-0.20630692312048313,-0.16991258285849228
0.1802992820739746,-0.591952079086441,0.5425214152888805,-0.01163543731281616,-1.6753593502864164,-2.5545485994693777,0.17359827359556979,2.129509182365592,-1.7139474806642434,0.3391648134193762,-0.33390139369273286,-0.20940043106889522,-0.17366196382705512
0.1823272705078125,-0.5919599973447638,0.5425340669133517,-0.011623266747604388,-1.675328055170626,-2.554529941635227,0.17358945600582446,2.127546884275098,-1.4471736911653388,0.47922379686733974,-0.33731655240640845,-0.21202455876139092,-0.17398822998089555
0.18435359001159668,-0.591946955757707,0.5425259573033608,-0.01164046536800803,-1.67535678743308,-2.5545274223197323,0.1736374114686643,2.2962169202841767,-1.2548620067795206,0.38936794458170443,-0.3438886557785663,-0.20536456095619277,-0.17783570794140968
0.1863844394683838,-0.5919363357671443,0.5425210077412534,-0.01165466547661681,-1.6753944280158086,-2.5545645017581156,0.1736516820872152,2.273461501328588,-1.5296597467880346,0.5762816379629361,-0.3359172375680549,-0.2063867870832088,-0.1813470792063211
0.18849849700927734,-0.5919515412906523,0.5425227662037307,-0.011651997345705822,-1.6754034338597832,-2.5545335716358677,0.17365903183453513,2.146548927707895,-1.646357494267187,0.4247219632882032,-0.3309435707537886,-0.2061046208481782,-0.1757748726417406
0.19056391716003418,-0.5919199518705778,0.5425371032964894,-0.011674250007074921,-1.6754635671698144,-2.5545446638787594,0.17365933112246654,2.151048767357476,-1.902411716797517,0.3430685844884507,-0.32474993039990524,-0.20702495145328662,-0.17307369010048382
0.19264459609985352,-0.5919479732310566,0.5425113266064683,-0.011661353553561848,-1.6753618416271265,-2.5545970978910897,0.17367824543882585,1.9095561572553388,-1.7432968399048356,0.3553215992123242,-0.32972449442407187,-0.2131643424412505,-0.17454351880649965
0.19481253623962402,-0.5919514719622397,0.5425166583993246,-0.011646422224170838,-1.6753916859026103,-2.554530255855908,0.17371142261914213,1.9964463385478752,-1.6145753637924933,0.4099418004250084,-0.3306534189127188,-0.20734479503481035,-0.17173609125038086
0.19684553146362305,-0.5919418304624942,0.5425224563343487,-0.01164990463813409,-1.6754141644132723,-2.5545298015775613,0.17364691269056207,2.1449709666633066,-1.5642734454793905,0.28945894187979726,-0.3289245224026897,-0.20413288300708263,-0.17637059392437232
0.19889330863952637,-0.5919532479255878,0.5425190494689204,-0.01164925962890273,-1.675364094838713,-2.5545235510233777,0.17369735376553944,1.9185900007687489,-1.256862088707348,0.2373755893959483,-0.3349666036278774,-0.20926059409294015,-0.1763756582998394
0.20092034339904785,-0.5919551611834705,0.5425240183434846,-0.01164891792012257,-1.675363140871034,-2.554562435964357,0.17363306101103002,2.153675757355141,-1.3860796699707165,0.4234542985502744,-0.3310284997589163,-0.200356707849384,-0.18151328485301646
0.20294713973999023,-0.5919537059415784,0.5425104459574596,-0.011662392663269516,-1.6753346945716547,-2.554588299284094,0.17364356609142817,2.08845000004303,-1.6136172508116038,0.39052728817207333,-0.3267934509119298,-0.20100366401420386,-0.17601679720942634
0.20501947402954102,-0.5919459082966932,0.5425273078149455,-0.011654336309208035,-1.6753288821482546,-2.5545755743450322,0.17365941572261376,2.0184790844464278,-1.723994969255475,0.4818362363472617,-0.32398424843151885,-0.2063274192598296,-0.1689309767451312
0.20711326599121094,-0.5919453127941364,0.5425308659103434,-0.011648362868181855,-1.6753513324749154,-2.554574880011923,0.17363441605782612,2.0105457426671296,-1.4614636188022752,0.3591551339998994,-0.328368538777874,-0.20404970588859384,-0.17342075254423506
0.2091665267944336,-0.591931583678895,0.5425337150502053,-0.011646155960216065,-1.6754085761807929,-2.554536611524906,0.1736288586746995,2.060914176195375,-1.472037007727144,0.25431049512680803,-0.3287894767146561,-0.20428292336172651,-0.1778187660707078
0.21125316619873047,-0.591950348880797,0.5425241944358753,-0.011630840712791413,-1.6754060121891874,-2.5545210573620554,0.17360072379004152,2.1458511014848507,-0.9462889727188163,0.18301622022305966,-0.33537636956494427,-0.19856579738518493,-0.1844751134471916
0.21328997611999512,-0.5919410919599698,0.5425148864557665,-0.011667371664997317,-1.6754104615347614,-2.5545452280239207,0.17371453690960317,2.083047826754525,-1.2520078367739016,0.34974781747747735,-0.32946322595993033,-0.20130506344682886,-0.18089516074121637
0.2153172492980957,-0.5919491874461082,0.5425119446229949,-0.011657696046405625,-1.675322853588265,-2.554614402063801,0.17364080481525382,2.04079286315263,-1.6423446097570007,0.3217712201940755,-0.32078704749923465,-0.20686574288730214,-0.17598760898275476
0.21734213829040527,-0.5919503377810349,0.5425268859261972,-0.011650172955290805,-1.6753309326933057,-2.5545688351663585,0.17366473513578326,1.9811289654221702,-1.647322561642842,0.3516789289172182,-0.31973147892336423,-0.20696836165890994,-0.17342557647008539
0.21936774253845215,-0.5919361304520085,0.5425253192173635,-0.011665817864162348,-1.6754100477279381,-2.5545274632943507,0.1737159112467266,2.297427606310483,-1.5523819328661224,0.1714481720514315,-0.32268744708448516,-0.20121789933050221,-0.17561124418254093
0.22142744064331055,-0.5919453286479727,0.5425386238565035,-0.011635183223439483,-1.6753716825697715,-2.5545288988186563,0.1736045913843979,2.218832669976224,-1.382564858909556,0.13984589226148011,-0.32686372817204185,-0.1980027234489312,-0.1815498058851439
0.22350692749023438,-0.5919676477374374,0.5425232288134912,-0.01162670575232358,-1.6753381509163354,-2.5545038508529596,0.17367702273211538,2.114946142564467,-1.2582175222289933,0.16878705281126097,-0.3263898526076339,-0.20239071211958437,-0.17619147325955226
0.22556161880493164,-0.591950965560936,0.5425146175209385,-0.011650932520556434,-1.6753521133375497,-2.5545671299326043,0.17364453871275812,2.1787007197383694,-1.6550777952170375,0.45987457005942023,-0.31452794761080693,-0.20049013690041068,-0.17748752929258899
0.2276151180267334,-0.5919307415559482,0.5425323052473214,-0.01164965106134569,-1.6754060272693858,-2.554540866001047,0.17365028949335173,2.0440247544351076,-1.654157933403327,0.5021061023720341,-0.31922036711374707,-0.20408439545938734,-0.17413467147639844
0.22966647148132324,-0.5919288302918324,0.5425402961221146,-0.011649365867027778,-1.675393578335533,-2.554527381333728,0.17359772946675053,2.008794942230003,-1.5795485175895425,0.34993147702749766,-0.3213264458974998,-0.20392127311012165,-0.17590092261956272
0.23169875144958496,-0.5919445831593099,0.5425227076495583,-0.011647298501106379,-1.6753639752601683,-2.5545613874967414,0.17365868648480634,2.115440397894328,-1.1668959926676896,0.4210073690318292,-0.3333109666568748,-0.20217632542722438,-0.17866823024607006
0.23372197151184082,-0.5919382333811859,0.542532222306727,-0.011658011913523447,-1.6753806002753395,-2.554558024699346,0.17361048897675666,2.221957676425942,-0.9660353438240548,0.34444322288494955,-0.3360322770864299,-0.19739714380984494,-0.1850138067861231
0.23576712608337402,-0.5919219169029922,0.542517927342692,-0.011678343591498414,-1.6753919899260499,-2.5546248598070367,0.17361922031525415,2.050005512256586,-1.0769098875191412,0.32693404046250574,-0.33352942495964166,-0.19940468946790416,-0.1794080806095166
0.23784971237182617,-0.5919351412455496,0.5425300266691209,-0.011653161482795438,-1.6754146846899567,-2.554523183043134,0.17365641836497175,1.9414590749051885,-1.7522230076337155,0.5172098518249232,-0.32221187528720635,-0.20401806070210057,-0.1720447434673063
0.23996710777282715,-0.5919541959279327,0.5425126658579947,-0.01164936712339501,-1.675326978907214,-2.554564244458973,0.1736745107553044,2.048165493272466,-1.6050412548023654,0.5053650724440375,-0.3284284169958017,-0.20406893009480342,-0.17945577996754958
0.24204635620117188,-0.5919483666435109,0.5425171645567136,-0.011650877716284536,-1.675382589950285,-2.5545291397499486,0.17368885091540393,2.019727869469797,-1.5706657597671083,0.4810839574925553,-0.3314597771531625,-0.20401107607058375,-0.1785465041933151
0.24408483505249023,-0.5919504401162874,0.5425265827612898,-0.01164301292559719,-1.6754049703860683,-2.554500323915381,0.17369320482192435,2.1355443359434902,-1.320807975299575,0.5592712883714893,-0.3363608048148046,-0.2045978852257855,-0.1768418526791167
0.24611473083496094,-0.5919680006914522,0.5425103203731207,-0.011642763760222441,-1.6753060947055067,-2.5545457112511682,0.17372132947643976,2.0113806297771375,-1.2847871948607883,0.35052062706023934,-0.33868133963501335,-0.20443590081897658,-0.18743530807779862
0.24814224243164062,-0.591947424340284,0.5425137422513341,-0.011653196634024282,-1.6753515662274063,-2.554577522008187,0.1736514527101446,2.150899229523762,-1.5207204887687096,0.5452644867338686,-0.33348929665486754,-0.20373702613271213,-0.17925462652959515
0.250169038772583,-0.5919236150345469,0.5425382232927048,-0.011651690638339013,-1.675404320505026,-2.554558780499338,0.17358026267170215,2.085100958031574,-1.394381842213418,0.6266127359390797,-0.3320455118513087,-0.20077900112139868,-0.17604248851702825
0.2521970272064209,-0.5919465328288899,0.5425133435249706,-0.011665891676510887,-1.6753724366857983,-2.554591711046305,0.17364723027029663,2.242888962065075,-1.8594821791563227,0.5623958027823412,-0.32539510279691913,-0.20182567935567014,-0.17576632812001397
0.25432348251342773,-0.5919249575055414,0.5425628282978505,-0.011643540453931872,-1.6753730591631621,-2.5545011054726414,0.17362621698768033,1.9709388489360404,-1.4490674751978456,0.39745531410367235,-0.33831120805709447,-0.20871035251191397,-0.17984885917115118
0.25659704208374023,-0.5919382603027966,0.542545042022929,-0.011637962796082896,-1.675387481280343,-2.554518965655363,0.1736229252049371,2.1627288263037445,-1.0931454866587393,0.41154688600259925,-0.34148661079161313,-0.20049996301381395,-0.18308276589163155
0.2587106227874756,-0.5919424528111819,0.542522046342127,-0.011656439225984194,-1.6754167244752631,-2.5545361067019376,0.1736922701419547,2.082890737116289,-1.345671409090791,0.6337685906246344,-0.3366070088884283,-0.20548022395758223,-0.17986166836833917
0.26076459884643555,-0.5919537653479675,0.5425237956305096,-0.011649473951137024,-1.6753487120132347,-2.5545082033984814,0.17370379556886478,2.0438148309502564,-1.4567693954879788,0.688735956657007,-0.3328316299127624,-0.20817003696443134,-0.17262349814718556
0.262803316116333,-0.5919550040071342,0.5425081857547827,-0.011657506638893061,-1.6753664915461148,-2.5545445896103973,0.1737432763518376,1.9531784299211883,-1.5478804850291747,0.6747766917230654,-0.331614121946111,-0.20916625793951657,-0.1718114530555588
0.2648336887359619,-0.5919447654930178,0.5425306980859004,-0.011641565405695609,-1.6753714024244504,-2.554536951344437,0.17363575265854686,2.0221307122317365,-1.6649453016256504,0.5682800840985448,-0.32896871594472415,-0.2105383379282839,-0.17664649615599431
0.26686739921569824,-0.5919462289556282,0.5425108589624063,-0.01165970364088506,-1.6753694304089457,-2.554541407781961,0.1737028826622781,2.0382931663377772,-1.498268984518993,0.47249405653210375,-0.32825693799338446,-0.21013150075732345,-0.17504345014529304
0.2688922882080078,-0.5919540329807161,0.542512062214341,-0.011656577794361217,-1.6753644428290657,-2.5545720940335217,0.17367790099187527,2.1407141325075147,-1.097898441307663,0.4346962129233257,-0.3387225763154649,-0.2083239337432969,-0.1777555811291818
0.27096033096313477,-0.5919584486158593,0.5425259542883956,-0.011641051051511031,-1.6753154844134224,-2.5545434609785054,0.17363107300257336,2.28482865917947,-1.0272802616731058,0.487486229208822,-0.3394109172985542,-0.2013046031324145,-0.18216547255111554
0.2730529308319092,-0.5919748150645209,0.5425324079805262,-0.01162290681652256,-1.6752918367124936,-2.5545118860263014,0.17361404583651263,2.1523613552402474,-1.5610507891951504,0.5264234015650915,-0.3275548630481882,-0.20620026756874665,-0.17737007728094
0.2751312255859375,-0.5919478021552693,0.5425092347048596,-0.011667619607682644,-1.6753817963484916,-2.5545662838680117,0.17367573592020033,2.0093499919074245,-1.523620308893705,0.5311888997526459,-0.3285508028719317,-0.20982913272504955,-0.17709694695755265
0.2771718502044678,-0.5919427425160533,0.542510971197033,-0.011661620454653215,-1.6753711758139718,-2.5545734523673858,0.17364231876875458,2.1623724722361266,-1.4366441175802083,0.5769565712613967,-0.3290325332053168,-0.20854656678292147,-0.17554874427337508
0.27920103073120117,-0.591957240856698,0.542538336410695,-0.011628724740020607,-1.6753539214332944,-2.5544944523209296,0.17370297620403505,2.2586028246619003,-1.5331223228551978,0.5076446641205375,-0.33065158162539887,-0.20827185372493187,-0.17402743110705252
0.28122854232788086,-0.5919503771519076,0.5425290426205498,-0.011649867105176515,-1.6753685238909408,-2.5545322341361487,0.17365104455734323,2.274794469559299,-1.5594489960003768,0.4251810692606147,-0.3275744496638868,-0.2074139056357951,-0.17581556274701848
0.28325724601745605,-0.5919493492446957,0.5425371068482711,-0.0116322213613268,-1.675367553539014,-2.5545045339526307,0.1736164880550019,2.146518684594171,-1.1620283443771187,0.6103678230947355,-0.33488502876439347,-0.20714328125853604,-0.1791881470371174
0.28528666496276855,-0.5919573846415264,0.5425251230526091,-0.01164361643512693,-1.6753510933590448,-2.5545387245569144,0.1736036285327257,2.1466008231009055,-1.304824837616484,0.5472588461584905,-0.33080414474914255,-0.2086553361182055,-0.17807605739613186
0.28738927841186523,-0.5919438567446959,0.5425253328427863,-0.011654734843278003,-1.6753595372541663,-2.5545755032650788,0.1736509923760408,2.242654206637918,-1.7030902425795378,0.4322827126833271,-0.3248423349613101,-0.20402883590389992,-0.17218190507693823
